
0x00400000: 001000 00000 10000 0001110100110100
0x00400004: 000000 00000 00000 10000 00000100000
0x00400008: 001000 00000 10010 0000000001010010
0x0040000C: 000101 10000 10001 0000000000000011
0x00400010: 000000 10001 10001 10010 00000010010
0x00400014: 000010 00000 00000 0000000000000001
0x00400018: 000000 10001 10010 10010 00000100100
0x0040001C: 000011 11111 00000 0000000000000011
0x00400020: 000010 00000 00000 0000000000000001
0x00400024: 000000 10001 10001 0000000000100000
0x00400028: 000010 00000 00000 0000000000000011
0x0040002C: 000000 00000 10010 10010 00000000010
0x00400030: 101011 01111 01011 0000000001100100
